Index	Locus	Chr	Pos	Top_SNP	Top_PIP	Signals	CS95_Size
2	rs10036748	5	151125616	rs10045859	0.0382582588274139	0	0
3	rs10066380	5	118997283	rs76003145	0.0250390421198099	0	0
4	rs10173253	2	30342289	rs76508190	0.0115093710118882	0	0
5	rs1040029	3	188274285	rs6790437	1	4	4
6	rs10411830	19	1524863	rs12461585	0.0876282555908957	0	0
7	rs10489845	1	158846668	rs60194098	0.210661309846471	0	0
8	rs1059702	23	154600388	rs73247658	1	2	2
9	rs10823829	10	70939573	rs56400359	0.0668673560759134	0	0
10	rs10848975	12	3523797	rs74361106	0	0	0
11	rs10896045	11	65664716	rs10896028	0.0145500174372227	0	0
12	rs11064247	12	6810153	rs11575097	0.0684409454699676	0	0
13	rs11065979	12	112920989	rs4767025	1	4	4
14	rs111344337	4	1319778	rs11946384	1	5	5
15	rs113479772	17	39989575	rs57968500	1	4	4
16	rs113877763	4	2874342	rs73082333	0.101191243167284	0	0
17	rs1143679	16	30078117	rs8049837	0	0	0
18	rs11649485	16	86182186	rs151097891	0.103911881207617	0	0
20	rs11736377	4	39774373	rs74481031	0	0	0
22	rs12146097	1	183824189	rs4652825	0.00259517233976925	0	0
23	rs12241531	10	101713354	rs75269434	0	0	0
24	rs12274090	11	72844255	rs12805658	1	6	6
25	rs12319783	12	101250255	rs11110727	0.00323964437083901	0	0
26	rs12576774	11	3559976	rs112159581	0.0397162935631996	0	0
27	rs12592504	15	49139212	rs16962101	0.0535025128274084	0	0
28	rs12636784	3	119502456	rs60671082	0.103357183543657	0	0
29	rs12642710	4	79640216	rs7687586	0	0	0
30	rs12694291	2	212220368	rs10932428	0	0	0
31	rs12917656	16	11310613	rs60535402	0.0324051906319033	0	0
32	rs13136297	4	102249089	rs659812	1	2	2
33	rs1317082	3	169400392	rs4955646	1	2	2
34	rs13385731	2	32976844	rs67722741	0	0	0
35	rs1400481	8	128287688	rs11778541	0.0339667306122593	0	0
36	rs1414273	1	115990883	rs1281700	0	0	0
37	rs146788138	4	99940458	rs78372119	0.0713553365908504	0	0
38	rs1482518599	14	102924046	rs1190226	0.133634596379346	0	0
39	rs148490292	15	77769056	rs4450363	0.0543547379538659	0	0
40	rs1635299	17	45645823	rs413917	1	2	2
41	rs16826583	1	39448691	rs668556	1	2	2
42	rs16882521	6	52730267	rs2748990	0.0290452601620687	0	0
43	rs170934	3	28356337	rs144403273	1	2	2
44	rs17116149	10	104305781	rs77511181	0.0044165987622814	0	0
45	rs17129789	1	67898593	rs1319029	1	2	2
46	rs17374162	8	71479709	rs35984767	0	0	0
47	rs1788098	18	69344478	rs4347725	0	0	0
48	rs1848486	5	90514008	rs139044164	0	0	0
49	rs185149081	4	159643669	rs77783371	0	0	0
50	rs1887428	9	5083533	rs12343065	1	2	2
51	rs1893592	21	42320058	rs225367	1	2	2
52	rs202554	20	1058640	rs878248	0	0	0
53	rs2046616	1	92858414	rs10874746	0.0308968571817934	0	0
54	rs2111485	2	162254026	rs2111485	0.0382918994730854	0	0
55	rs2205960	1	175468090	rs72725417	0.0163990442814694	0	0
56	rs2206255	6	15820023	rs3117051	0.011336847030833	0	0
57	rs2234290	11	2276090	rs200836793	0.0522081713026409	0	0
58	rs223886	16	57991494	rs4784876	1	2	2
59	rs229527	22	36685650	rs2284010	0	0	0
60	rs2296618	1	198851638	rs117288728	0.0349848383645992	0	0
61	rs2297239	7	138546075	rs1544733	0	0	0
62	rs2297550	1	205943658	rs1342062	0	0	0
63	rs2298428	22	20932054	rs137976776	0	0	0
64	rs2309756	2	100609869	rs182674694	0.0467756457950819	0	0
65	rs2319516	14	20279014	rs66546253	0	0	0
66	rs2374059	12	104015247	rs66613683	0.00689171508149344	0	0
67	rs2426414	20	51677808	rs11479958	0.0567216395767169	0	0
68	rs2431697	5	160591016	rs534226859	0.00547964594644257	0	0
69	rs2476601	1	113541922	rs4456089	1	2	2
70	rs2510066	11	63785156	rs61928246	0	0	0
71	rs2544920	5	101302804	rs370733180	0.0158390461828749	0	0
72	rs268124	2	65154905	rs12618283	0.016536748988533	0	0
73	rs2719231	8	56024677	rs55857268	0.00731789955826423	0	0
74	rs2732549	11	35381577	rs4593985	0.0772092741339552	0	0
75	rs2736332	8	11143791	rs7834295	0.0975531636661311	0	0
76	rs2740174	1	225338401	rs12408441	0	0	0
77	rs2816316	1	192100669	rs7531334	0.999999988175338	2	2
78	rs2841280	14	104983665	rs12884027	0.00548834409817844	0	0
79	rs28475641	4	82720206	rs6535391	0	0	0
80	rs301799	1	9061448	rs2896012	1	3	3
81	rs3087243	2	203376916	rs11686036	1	8	8
82	rs309173	2	136363853	rs76389067	1	5	5
83	rs3180408	22	17708011	rs2401168	1	2	3
84	rs34051876	4	89006023	rs59542459	0.026530546246745	0	0
85	rs34536443	19	10364976	rs2304256	1	2	2
86	rs34562254	17	16417718	rs3813768	0	0	0
87	rs35346340	15	90946572	rs2304939	0.00413069712276815	0	0
88	rs35465817	1	37835563	rs56659814	0.0354573341624496	0	0
89	rs360050	11	9193712	rs61877793	0	0	0
90	rs3748233	10	96126734	rs79411123	0	0	0
91	rs375039649	19	16581817	rs78094517	0	0	0
92	rs3757247	6	89518174	rs6911794	0	0	0
93	rs3757387	7	128329814	rs6467174	0	0	0
94	rs3795982	2	217907966	rs3791929	0.141224483847305	0	0
95	rs3813582	16	79550084	rs59867817	0.206704245216312	0	0
96	rs3886536	7	106068492	rs734786	0.00859363321178863	0	0
97	rs418215	1	161926922	rs201657381	1	2	2
98	rs428073	12	117652165	rs117970643	0	0	0
99	rs4282898	10	5343209	rs10904465	0	0	0
100	rs4287962	4	162656411	rs195901	0.199665693731934	0	0
101	rs4388254	5	132453764	rs35377719	1	2	2
102	rs4423942	4	107808529	rs143556778	0.0455321431713771	0	0
103	rs4483195	8	69995766	rs10808773	0.00792865209155402	0	0
104	rs4542691	17	74177771	rs7211140	0	0	0
105	rs4685426	3	16590405	rs71049169	0.0723754558284295	0	0
106	rs4722276	7	2848380	rs11770455	1	2	2
107	rs4801882	19	51701689	rs2167418	1	2	2
108	rs4810485	20	46111557	rs6074022	0.0380651830749758	0	0
109	rs4812068	20	59022916	rs415064	0.0595439917915294	0	0
110	rs4853373	2	70724591	rs3771434	0.105458600634938	0	0
111	rs4853459	2	190408058	rs76334266	0.0294528312480097	0	0
112	rs485499	3	160022081	rs9968093	1	2	2
113	rs4954125	2	134525865	rs592037	1	2	2
114	rs4963128	11	1100721	rs11245950	1	2	2
115	rs542129885	12	12678216	rs76530142	0.00364312841470971	0	0
116	rs548234	6	105589985	rs6568381	0	0	0
117	rs56023922	4	86379437	rs4575960	0	0	0
118	rs57319220	3	45818159	rs17713054	1	2	2
119	rs57441276	23	12740777	rs1266339	1	4	4
120	rs5753605	22	31203102	rs5749231	0.0453632934527626	0	0
121	rs591549	18	3113653	rs140614421	0.011599097738482	0	0
123	rs60975870	21	41476757	rs9985159	1	6	6
124	rs61150131	11	117829873	rs2004506	0.0118146412467435	0	0
125	rs61759532	17	6823802	rs9899004	0	0	0
126	rs61909064	11	127812801	rs144588692	0	0	0
127	rs62017246	15	50045240	rs2414007	0	0	0
128	rs62447171	7	50049256	rs6943467	1	4	4
129	rs6510917	19	7145951	rs12460478	0.0132160328619988	0	0
130	rs652284	1	11632429	rs75935551	0	0	0
131	rs6546883	2	73474542	rs780393	0	0	0
132	rs6602587	10	12005854	rs35773504	0.0188350869587497	0	0
133	rs6831973	4	11138680	rs17288762	1	2	2
134	rs6939565	6	130320964	rs4897410	1	2	2
135	rs6942325	6	149017	rs200700271	0	0	0
136	rs7072811	10	110779709	rs7903364	0.0844203346938576	0	0
137	rs7097397	10	48505044	rs35419360	0.138700987300738	0	0
138	rs7126711	11	68945508	rs497685	1	2	2
139	rs71336931	19	32044301	rs2240660	0	0	0
141	rs7252748	19	40572685	rs117557920	0.0425469549702838	0	0
142	rs72730583	15	74579474	rs79811537	1	7	8
143	rs72736584	15	79510944	rs4423383	1	2	2
144	rs73011567	1	157288263	rs180913314	1	2	3
145	rs73068668	19	54886294	rs57169007	0.114911795293682	0	0
146	rs7404928	16	23730189	rs11647438	1	5	5
147	rs741576	5	86540389	rs13358367	0	0	0
148	rs74405933	6	14715725	rs1267497	1	2	3
149	rs74804869	22	37973969	rs139884	0	0	0
151	rs7519758	1	196369571	rs10399831	0.0183213315111572	0	0
152	rs755393386	19	48743609	rs838147	1	2	2
153	rs75543804	2	111130177	rs113135335	1	4	4
154	rs756880	17	34041677	rs9908213	1	2	2
155	rs75967767	1	1073854	rs9442366	1	5	5
156	rs76201203	9	1379579	rs113179567	0	0	0
157	rs7626070	3	151979836	rs12486319	0	0	0
158	rs76371569	9	21412387	rs12346196	1	2	2
159	rs7637844	3	71665733	rs9310217	0	0	0
160	rs7717955	5	35361994	rs32749	0.0538986549649905	0	0
161	rs7725218	5	779287	rs115253903	0	0	0
162	rs77429014	3	150577589	rs6440683	0	0	0
163	rs774471019	8	42467247	rs2978456	0.0477342548570379	0	0
164	rs7749323	6	138212385	rs2327877	1	2	2
165	rs776497260	12	120160973	rs2240321	0	0	0
166	rs7784748	7	4246670	rs10487575	0	0	0
167	rs77885959	11	18311889	rs78237997	0.0905300599633451	0	0
168	rs78382932	4	78104527	rs10518187	0	0	0
169	rs790251	6	153650097	rs5881045	0	0	0
170	rs7902904	10	61824507	rs2588990	1	2	2
171	rs80295067	6	149234010	rs1534934	0.164924641504344	0	0
172	rs8035957	15	38334741	rs72711736	1	2	2
173	rs8047421	16	49489544	rs193907	0	0	0
174	rs8103622	19	18901056	rs55962391	0.0100531749951239	0	0
175	rs888096	2	37800483	rs1430034	0.0655269503513755	0	0
176	rs889561	16	68317180	rs2863977	0.164531376684205	0	0
177	rs923077	12	129242040	rs58784471	1	2	2
179	rs9437	8	60573082	rs71557798	1	2	2
180	rs9532692	13	40921109	rs17447487	0.0403300076352424	0	0
181	rs9557227	13	99613695	rs10577448	1	4	4
182	rs9670479	13	49853073	rs12019645	1	2	2
183	rs9712275	2	197643292	rs7588831	1	2	2
184	rs9782955	1	236276413	rs2695033	1	5	5
