Index	Locus	Chr	Pos	Top_SNP	Top_PIP	Signals	CS95_Size
2	rs10036748	5	151038426	rs3840312	0.0162086590013022	0	0
3	rs10066380	5	118818262	rs28640997	0	0	0
4	rs10173253	2	30342289	rs76508190	0.00628485751550789	0	0
5	rs1040029	3	188286676	rs6765278	0.399261486268847	1	21
6	rs10411830	19	1488756	rs791463	0.00751329363795772	0	0
7	rs10489845	1	158829577	rs6679412	0.0247528904119156	0	0
8	rs1059702	23	154526214	rs73247656	0.0541930696042212	0	0
9	rs10823829	10	70917978	rs827329	0.0228491196574898	0	0
10	rs10848975	12	3525926	rs11062701	0	0	0
11	rs10896045	11	65664716	rs10896028	0.00282009915234471	0	0
12	rs11064247	12	6741917	rs11064354	0.0195171810061218	0	0
13	rs11065979	12	113244110	rs7316638	0.377615464874501	1	41
14	rs111344337	4	1420896	rs4130791	0.0179694007007933	0	0
15	rs113479772	17	40003082	rs12941811	0.213622509327678	1	42
16	rs113877763	4	2287539	rs12498586	0.020354577195703	0	0
17	rs1143679	16	31905614	rs2884538	0.0264758268574338	0	0
18	rs11649485	16	85998493	rs7190274	0.0238343884311415	0	0
20	rs11736377	4	39774373	rs74481031	0	0	0
22	rs12146097	1	182649125	rs615459	0	0	0
23	rs12241531	10	101713354	rs75269434	0	0	0
24	rs12274090	11	72894337	rs10898889	0.0938763834400951	0	0
25	rs12319783	12	100923585	rs7977511	0.00300130510674634	0	0
26	rs12576774	11	3482012	rs10834228	0	0	0
27	rs12592504	15	49005037	rs116924015	0.0190570995945378	0	0
28	rs12636784	3	119092733	rs114040582	0.00560553737440606	0	0
29	rs12642710	4	79640216	rs7687586	0	0	0
30	rs12694291	2	212220368	rs10932428	0	0	0
31	rs12917656	16	11403019	rs56758646	0.0120912514896256	0	0
32	rs13136297	4	102267552	rs13107325	0.135655321031646	0	0
33	rs1317082	3	169375952	rs116827288	0.617505008660357	0	0
34	rs13385731	2	32976844	rs67722741	0	0	0
35	rs1400481	8	127133572	rs10111496	0.00753306511700924	0	0
36	rs1414273	1	115990599	rs1281699	0	0	0
37	rs146788138	4	100344472	rs115213247	0.00696932293814856	0	0
38	rs1482518599	14	103132668	rs6145475	0.0174614103737805	0	0
39	rs148490292	15	78026748	rs111356075	0.0218522478820117	0	0
40	rs1635299	17	45645823	rs413917	1	2	2
41	rs16826583	1	39453562	rs687848	0.488629500178607	0	0
42	rs16882521	6	52730267	rs2748990	0.00804680683092873	0	0
43	rs170934	3	28360829	rs13095675	0.0110759477220659	0	0
44	rs17116149	10	103418274	rs74646973	0	0	0
45	rs17129789	1	67918651	rs2419052	0.0945493359142196	0	0
46	rs17374162	8	71479709	rs35984767	0	0	0
47	rs1788098	18	69838097	rs147750150	0.00339782948195566	0	0
48	rs1848486	5	90514260	rs1047787	0	0	0
49	rs185149081	4	159643669	rs77783371	0	0	0
50	rs1887428	9	4745645	rs692502	0.0139573472910342	0	0
51	rs1893592	21	42024395	rs75746226	0.00972222637844533	0	0
52	rs202554	20	1058640	rs878248	0	0	0
53	rs2046616	1	92858414	rs10874746	0.00807735137335353	0	0
54	rs2111485	2	161975013	rs10497223	0.0189999114109993	0	0
55	rs2205960	1	175468090	rs72725417	0.00631277424038412	0	0
56	rs2206255	6	16377549	rs139057035	0.00876664996579224	0	0
57	rs2234290	11	2531967	rs72847666	0.00386586227914165	0	0
58	rs223886	16	57618073	rs4783999	0.0123778412650765	0	0
59	rs229527	22	37163761	rs67843390	0.00439891806091342	0	0
60	rs2296618	1	199278014	rs12136367	0.010549492300176	0	0
61	rs2297239	7	138546075	rs1544733	0	0	0
62	rs2297550	1	205943658	rs1342062	0	0	0
63	rs2298428	22	21988626	rs116872618	0.0146496324949573	0	0
64	rs2309756	2	100554747	rs113616504	0.00750819769470945	0	0
65	rs2319516	14	20279014	rs66546253	0	0	0
66	rs2374059	12	103000267	rs7955229	0.00574903413701955	0	0
67	rs2426414	20	51677808	rs11479958	0.00627934853442314	0	0
68	rs2431697	5	158829608	rs55779000	0	0	0
69	rs2476601	1	114122283	rs12027327	0.0152611743614104	0	0
70	rs2510066	11	63785156	rs61928246	0	0	0
71	rs2544920	5	100254339	rs445427	0	0	0
72	rs268124	2	64809285	rs11126020	0	0	0
73	rs2719231	8	56190159	rs74926318	0.01406008387812	0	0
74	rs2732549	11	35382067	rs60768203	0.00557575128745513	0	0
75	rs2736332	8	11143791	rs7834295	0.005064572378637	0	0
76	rs2740174	1	225338401	rs12408441	0	0	0
77	rs2816316	1	192038806	rs6696064	0.00348540969141054	0	0
78	rs2841280	14	104402366	rs116856815	0	0	0
79	rs28475641	4	82720206	rs6535391	0	0	0
80	rs301799	1	9062610	rs2505973	0.40608934168553	1	10
81	rs3087243	2	203437027	rs3214803	0.24457501222492	0	0
82	rs309173	2	136216211	rs1519528	0.0441172746882745	0	0
83	rs3180408	22	18169129	rs61626517	0.0228397552447958	0	0
84	rs34051876	4	88518466	rs13140695	0.0126041111298828	0	0
85	rs34536443	19	10352442	rs34536443	1	3	3
86	rs34562254	17	16418645	rs12951377	0	0	0
87	rs35346340	15	90384652	rs76568403	0	0	0
88	rs35465817	1	37861612	rs182244401	0.00460986526935669	0	0
89	rs360050	11	9193712	rs61877793	0	0	0
90	rs3748233	10	96126734	rs79411123	0	0	0
91	rs375039649	19	16579106	rs114237373	0	0	0
92	rs3757247	6	89518174	rs6911794	0	0	0
93	rs3757387	7	128329814	rs6467174	0	0	0
94	rs3795982	2	217916370	rs3828281	0.0392809521747146	0	0
95	rs3813582	16	79550084	rs59867817	0.0324655674274229	0	0
96	rs3886536	7	105943713	rs193842	0.00901965900337587	0	0
97	rs418215	1	161305939	rs34307129	0.0216142082731526	0	0
98	rs428073	12	117652165	rs117970643	0	0	0
99	rs4282898	10	5343209	rs10904465	0	0	0
100	rs4287962	4	163584114	rs56225607	0.0371511598508284	0	0
101	rs4388254	5	132457724	rs397739616	0.192023795860321	1	21
102	rs4423942	4	107808529	rs143556778	0.0116084506424464	0	0
103	rs4483195	8	69570323	rs16936119	0	0	0
104	rs4542691	17	74177771	rs7211140	0	0	0
105	rs4685426	3	16590405	rs71049169	0.0112776661456745	0	0
106	rs4722276	7	2848380	rs11770455	0.0234426715676499	0	0
107	rs4801882	19	51210809	rs3852865	0.25757068205706	0	0
108	rs4810485	20	46153503	rs6074044	0.00988354779080247	0	0
109	rs4812068	20	59022915	rs463312	0.0112858023441597	0	0
110	rs4853373	2	70461230	rs1375374	0.0167739385032346	0	0
111	rs4853459	2	190408058	rs76334266	0.00397057811443946	0	0
112	rs485499	3	160193625	rs73154522	0.00899058323878032	0	0
113	rs4954125	2	134525865	rs592037	0.10592932565226	0	0
114	rs4963128	11	1197926	rs34474233	0.512583212844517	1	3
115	rs542129885	12	11839710	rs2071162	0.00521368169113079	0	0
116	rs548234	6	105589985	rs6568381	0	0	0
117	rs56023922	4	86379437	rs4575960	0	0	0
118	rs57319220	3	45802706	rs34668658	1	5	5
119	rs57441276	23	13198999	rs12842223	0.0387144626540443	0	0
120	rs5753605	22	31196712	rs11089491	0.00583449421633187	0	0
121	rs591549	18	3042299	rs1004413	0	0	0
123	rs60975870	21	41471061	rs9305744	0.756039866259354	0	0
124	rs61150131	11	117829873	rs2004506	0.0163116440647627	0	0
125	rs61759532	17	6824310	rs28378813	0	0	0
126	rs61909064	11	127812801	rs144588692	0	0	0
127	rs62017246	15	50045240	rs2414007	0	0	0
128	rs62447171	7	50819756	rs11238351	0.0532040863557821	0	0
129	rs6510917	19	7117476	rs11883325	0.00332721609302189	0	0
130	rs652284	1	11632429	rs75935551	0	0	0
131	rs6546883	2	73474542	rs780393	0	0	0
132	rs6602587	10	12005854	rs35773504	0.00663019324071434	0	0
133	rs6831973	4	11093839	rs1605323	0.012874796705736	0	0
134	rs6939565	6	130265085	rs144504331	0.00908867765436849	0	0
135	rs6942325	6	148172	rs62388681	0	0	0
136	rs7072811	10	110779709	rs7903364	0.0303826303182349	0	0
137	rs7097397	10	48731943	rs75887708	0.0610362471888055	0	0
138	rs7126711	11	68945369	rs674695	0.031500883302465	0	0
139	rs71336931	19	32044301	rs2240660	0	0	0
141	rs7252748	19	40572685	rs117557920	0.0262792631059434	0	0
142	rs72730583	15	74727909	rs17861109	0.0280179646286542	0	0
143	rs72736584	15	80407982	rs377185568	0.0363202506418614	0	0
144	rs73011567	1	156739829	rs4459103	0.0225746632982063	0	0
145	rs73068668	19	54886294	rs57169007	0.0235682531487703	0	0
146	rs7404928	16	23743875	rs13329786	0.134265532344727	0	0
147	rs741576	5	86540389	rs13358367	0	0	0
148	rs74405933	6	14714491	rs57696775	1	2	2
149	rs74804869	22	40394056	rs75748221	0.0307491649278779	0	0
151	rs7519758	1	196369571	rs10399831	0.0079052937072992	0	0
152	rs755393386	19	48745473	rs838145	0.38819369908899	1	17
153	rs75543804	2	111165509	rs68021656	0.0679279326519842	0	0
154	rs756880	17	34041245	rs9907226	0.081051620407483	0	0
155	rs75967767	1	1017048	rs9442611	0.0258771360904171	0	0
156	rs76201203	9	1379579	rs113179567	0	0	0
157	rs7626070	3	151979791	rs71306569	0	0	0
158	rs76371569	9	21205518	rs28368155	0.733272076772716	1	2
159	rs7637844	3	71667557	rs62246263	0	0	0
160	rs7717955	5	35361994	rs32749	0.0098695449262165	0	0
161	rs7725218	5	788976	rs10061538	0	0	0
162	rs77429014	3	150577589	rs6440683	0	0	0
163	rs774471019	8	42467247	rs2978456	0.00394575058910784	0	0
164	rs7749323	6	138053557	rs111842674	0.0190350232055949	0	0
165	rs776497260	12	120160973	rs2240321	0	0	0
166	rs7784748	7	4245893	rs75274073	0	0	0
167	rs77885959	11	17850527	rs1024485	0.0067330886583864	0	0
168	rs78382932	4	78104409	rs79752788	0	0	0
169	rs790251	6	153650097	rs5881045	0	0	0
170	rs7902904	10	61835142	rs734069	0.00984425815693834	0	0
171	rs80295067	6	149234010	rs1534934	0.0246752624396854	0	0
172	rs8035957	15	38499625	rs4334257	0.00580625050400019	0	0
173	rs8047421	16	49489544	rs193907	0	0	0
174	rs8103622	19	18900124	rs11289153	0.00908598271606953	0	0
175	rs888096	2	37800483	rs1430034	0.0253504173993039	0	0
176	rs889561	16	68021592	rs13816	0	0	0
177	rs923077	12	129209800	rs10847799	0.0403731890400536	0	0
179	rs9437	8	60627839	rs2625446	0.0220531392087043	1	107
180	rs9532692	13	40921109	rs17447487	0.0109837083168949	0	0
181	rs9557227	13	99445539	rs33919860	0.0305072824254894	0	0
182	rs9670479	13	49853097	rs7491213	0.0927673672789164	0	0
183	rs9712275	2	197643292	rs7588831	0.0672326210034813	0	0
184	rs9782955	1	235889722	rs6686739	0.0169898919920928	0	0
